source_surf = .false. 
xs = -0.01202 
zs = -0.01202 
source_type = 1 
time_function_type = 8 
name_of_source_file          =  /home/jiazeh/csp2d_base/DATA/sources/stf_ricker_dt40ns_dlst200_f300000 
burst_band_width = 200.415 
f0 = 300000.000 
tshift = 0 
anglesource = 0.00 
Mxx = 1.000000 
Mzz = 1.000000 
Mxz = 0.000000 
factor = 1000.000 
